%CONSTANTS BACKSTEPING

c1=10;
c2=6;
c3=10;
c4=6;
c5=2;
c6=2;
c7=3.5;
c8=1.5;
c9=1;
c10=0.75;
c11=1;
c12=0.75;

ld1=0.07;
ld2=0.05;
ld3=0.01;
ld4=0.01;
ld5=0.001;
ld6=0.001;